tree
version=v4
num_class=1
num_tree_per_iteration=1
label_index=0
max_feature_idx=16
objective=lambdarank
feature_names=module_depth public_depth inherited_by prior_breaks_in_module name_length package_rank release_size package_churn is_private is_dunder in_dunder_all is_top_level has_sub_target has_export_path was_deprecated_before kind bump
feature_infos=[1:8] [1:7] [0:593] [0:105] [1:68] [2:352] [1:2296] [0:2753] [0:1] [0:1] [0:1] [0:1] [0:1] [0:1] [0:1] -1:8:3:0:9:5:6:4:1:2:10 -1:3:1:0:2
tree_sizes=906 912 900 907 907 894 902 906 894 898 909 914 920 896 911 895 915 889 907 897 892 897 913 911 888 908 914 890 913 908

Tree=0
num_leaves=7
num_cat=1
split_feature=1 1 15 3 6 3
split_gain=50.6579 18.3507 18.1108 9.13459 8.93133 6.32467
threshold=1.5000000000000002 2.5000000000000004 0 4.5000000000000009 22.500000000000004 2.5000000000000004
decision_type=2 2 9 2 2 2
left_child=3 2 -2 -1 -3 -4
right_child=1 4 5 -5 -6 -7
leaf_value=0.065188614127476799 -0.030854050717847154 -0.016420734705458715 0.020554653238966023 -0.020587776236707517 -0.078955237652634597 0.086942278077562177
leaf_weight=25.90139767841902 19.415434395159537 8.7129299078369531 18.114105834945807 3.5263687921687952 16.565295210311888 4.4736256073229006
leaf_count=581 2112 1019 741 138 8603 74
internal_value=0.000192098 -0.0237406 -0.00348328 0.0549099 -0.0574008 0.0233608
internal_weight=96.7092 67.2814 42.0032 29.4278 25.2782 22.5877
internal_count=13268 12549 2927 719 9622 815
cat_boundaries=0 1
cat_threshold=281
is_linear=0
shrinkage=0.05


Tree=1
num_leaves=7
num_cat=1
split_feature=1 15 10 7 12 6
split_gain=81.3218 48.2106 25.1463 11.0389 10.1876 9.63586
threshold=2.5000000000000004 0 1.0000000180025095e-35 24.500000000000004 1.0000000180025095e-35 82.500000000000014
decision_type=2 9 2 2 2 2
left_child=1 5 3 4 -3 -1
right_child=-2 2 -4 -5 -6 -7
leaf_value=-0.032939053257437616 -0.061957014530799819 -0.039174837802132476 0.07024465768023315 0.039809412325787032 0.014036968202753476 0.010461058787025544
leaf_weight=59.44001239980571 47.607879644652712 10.448602988384662 28.545786574948579 37.641572408378124 64.653250204632059 16.295578960241983
leaf_count=1578 9617 121 141 228 544 1038
internal_value=-0.00277811 0.0102037 0.0264519 0.0177101 0.00663383 -0.0208482
internal_weight=264.633 217.025 141.289 112.743 75.1019 75.7356
internal_count=13267 3650 1034 893 665 2616
cat_boundaries=0 1
cat_threshold=281
is_linear=0
shrinkage=0.05


Tree=2
num_leaves=7
num_cat=1
split_feature=15 1 4 6 4 4
split_gain=53.2249 44.3926 32.6856 19.8606 17.567 11.7936
threshold=0 1.5000000000000002 14.500000000000002 15.500000000000002 20.500000000000004 4.5000000000000009
decision_type=9 2 2 2 2 2
left_child=-1 2 -2 -4 5 -3
right_child=1 4 3 -5 -6 -7
leaf_value=-0.032657154636111012 0.064988542795527904 -0.059880581854430508 0.037897607704670773 -0.098819043518934779 -0.08262629984820026 0.0068583160259124438
leaf_weight=71.70092638314236 54.714048385620117 7.0571964837145051 5.2832457311451417 5.3426028825342655 6.3667151196859768 106.74009904949344
leaf_count=8851 249 409 39 37 215 3350
internal_value=0.00133492 0.0154036 0.0494041 -0.0308426 -0.00180245 0.00271947
internal_weight=257.205 185.504 65.3399 10.6258 120.164 113.797
internal_count=13150 4299 325 76 3974 3759
cat_boundaries=0 1
cat_threshold=344
is_linear=0
shrinkage=0.05


Tree=3
num_leaves=7
num_cat=1
split_feature=1 4 0 15 4 6
split_gain=57.4811 19.9218 16.2044 20.2874 16.2222 11.7851
threshold=1.5000000000000002 16.500000000000004 3.5000000000000004 0 18.500000000000004 116.50000000000001
decision_type=2 2 2 9 2 2
left_child=1 5 3 -2 -4 -1
right_child=2 -3 4 -5 -6 -7
leaf_value=0.032184450715573534 -0.031457672302459092 -0.039202003691182624 -0.072469690108143678 0.0064528804852995812 0.048134217142155933 0.085544066772754654
leaf_weight=64.474214023910463 55.161620952523663 8.6713493671268207 20.749355737207228 75.040785183518892 3.2210595740471026 12.326091480128524
leaf_count=560 3490 100 7242 1243 430 55
internal_value=-0.000251098 0.0326372 -0.018484 -0.0115288 -0.0562634 0.0407484
internal_weight=239.644 85.4717 154.173 130.202 23.9704 76.8003
internal_count=13120 715 12405 4733 7672 615
cat_boundaries=0 1
cat_threshold=1049
is_linear=0
shrinkage=0.05


Tree=4
num_leaves=7
num_cat=1
split_feature=15 0 9 3 4 0
split_gain=35.238 12.76 11.2182 16.9058 9.95394 8.84685
threshold=0 4.5000000000000009 1.0000000180025095e-35 2.5000000000000004 16.500000000000004 2.5000000000000004
decision_type=9 2 2 2 2 2
left_child=4 2 -2 -4 5 -1
right_child=1 -3 3 -5 -6 -7
leaf_value=-0.0087863249364003859 0.018517075680258621 -0.09084893055900177 -0.093145914490436368 0.026813228829985065 -0.0763946053222887 -0.045431436135911184
leaf_weight=43.691820163978264 154.78406409052332 2.8999971439843639 5.7767506174277496 5.9747372688725591 9.8010640949942154 26.435107019507996
leaf_count=969 2954 927 306 49 1283 6719
internal_value=-0.000436375 0.0123989 0.0149414 -0.0321558 -0.0259499 -0.0226001
internal_weight=249.364 169.436 166.536 11.7515 79.928 70.1269
internal_count=13207 4236 3309 355 8971 7688
cat_boundaries=0 1
cat_threshold=1368
is_linear=0
shrinkage=0.05


Tree=5
num_leaves=7
num_cat=2
split_feature=1 15 6 15 4 11
split_gain=36.3481 17.8821 13.8266 18.6109 9.20883 9.00841
threshold=1.5000000000000002 0 116.50000000000001 1 4.5000000000000009 1.0000000180025095e-35
decision_type=2 9 2 9 2 2
left_child=2 -2 3 5 -3 -1
right_child=1 4 -4 -5 -6 -7
leaf_value=0.013593485260634719 -0.041656725120487972 -0.070916697845948964 0.074876735150996368 0.030028618002126597 -0.0015601056373873298 -0.05618420912908241
leaf_weight=7.2946396358311185 35.347666407702491 4.9784455151529974 12.198370707497814 51.334901074878871 123.78460273203382 12.640987857244909
leaf_count=43 8057 458 70 343 3931 267
internal_value=-0.00117576 -0.0148388 0.0256876 0.0172685 -0.003936 -0.0204126
internal_weight=247.58 164.111 83.4689 71.2705 128.763 19.9356
internal_count=13169 12446 723 653 4389 310
cat_boundaries=0 1 2
cat_threshold=280 8
is_linear=0
shrinkage=0.05


Tree=6
num_leaves=7
num_cat=1
split_feature=1 15 6 1 1 6
split_gain=31.9883 19.9821 12.5121 11.3046 10.8487 9.04809
threshold=2.5000000000000004 0 82.500000000000014 1.5000000000000002 1.5000000000000002 22.500000000000004
decision_type=2 9 2 2 2 2
left_child=1 2 -1 -4 -3 -2
right_child=5 4 3 -5 -6 -7
leaf_value=-0.025118734184436137 -0.01406401489007318 0.041338915879037041 0.072119066268469895 -0.010840984426007012 0.010892447712264402 -0.05644144594011187
leaf_weight=52.024083372903988 25.662293917033821 47.67144394753268 7.1572681221296088 9.6332218709139852 75.746763223367452 24.738092147948919
leaf_count=1427 985 250 24 932 1001 8559
internal_value=0.000591624 0.00988758 -0.0113562 0.0245223 0.0209548 -0.0348642
internal_weight=242.633 192.233 68.8146 16.7905 123.418 50.4004
internal_count=13178 3634 2383 956 1251 9544
cat_boundaries=0 1
cat_threshold=25
is_linear=0
shrinkage=0.05


Tree=7
num_leaves=7
num_cat=1
split_feature=1 15 4 6 4 12
split_gain=26.6648 16.9302 9.45489 7.49729 7.38326 6.4891
threshold=1.5000000000000002 0 16.500000000000004 116.50000000000001 4.5000000000000009 1.0000000180025095e-35
decision_type=2 9 2 2 2 2
left_child=2 -2 3 5 -3 -1
right_child=1 4 -4 -5 -6 -7
leaf_value=0.0078104134208425826 -0.033336777618723022 -0.066895945051352365 -0.0450582722169195 0.066416512285779924 0.0029893091074767609 0.039974335810970374
leaf_weight=33.881085775792599 42.977106484264368 3.9018720219028173 4.509574754163622 11.611269031316622 120.35875893217599 29.193134751170874
leaf_count=391 8349 446 102 57 3699 180
internal_value=0.00134833 -0.00996973 0.0252489 0.0294941 0.00073566 0.0226971
internal_weight=246.433 167.238 79.1951 74.6855 124.261 63.0742
internal_count=13224 12494 730 628 4145 571
cat_boundaries=0 1
cat_threshold=1308
is_linear=0
shrinkage=0.05


Tree=8
num_leaves=7
num_cat=0
split_feature=1 3 4 4 9 3
split_gain=33.0521 9.03996 8.74712 7.8681 8.09025 17.475
threshold=1.5000000000000002 9.5000000000000018 4.5000000000000009 20.500000000000004 1.0000000180025095e-35 2.5000000000000004
decision_type=2 2 2 2 2 2
left_child=-1 2 -2 4 -4 -6
right_child=1 -3 3 -5 5 -7
leaf_value=0.028351850301921701 -0.071841579115151474 -0.07128069765710425 -0.00067756443178595613 -0.069693592731616821 -0.084479944564881629 0.033130823568577709
leaf_weight=79.096268751382013 5.3104725689627221 6.0088325967080882 131.6387256128437 4.7756128372857338 8.5846385184559022 4.9966992717236272
leaf_count=730 656 3150 4527 779 2837 486
internal_value=0.00187591 -0.0111058 -0.00877764 -0.00654491 -0.00446824 -0.0412099
internal_weight=240.411 161.315 155.306 149.996 145.22 13.5813
internal_count=13165 12435 9285 8629 7850 3323
is_linear=0
shrinkage=0.05


Tree=9
num_leaves=7
num_cat=0
split_feature=1 12 0 4 5 7
split_gain=29.1347 10.35 18.7744 8.46618 17.5725 10.8143
threshold=1.5000000000000002 1.0000000180025095e-35 3.5000000000000004 14.500000000000002 152.50000000000003 50.500000000000007
decision_type=2 2 2 2 2 2
left_child=-1 3 -3 5 -5 -2
right_child=1 2 -4 4 -6 -7
leaf_value=0.025026113703429442 -0.027201065282311879 0.0073905561016255998 -0.076345179833574084 -0.064310086030608865 0.039513595365942893 -0.091332905669245026
leaf_weight=76.876075265521649 47.049753671686631 72.720417792872468 7.3726583172247038 6.2491712392511571 11.716761486837639 7.6409859491977832
leaf_count=718 2378 1323 5840 659 1032 1250
internal_value=-7.88388e-05 -0.0127137 -0.000317413 -0.0263787 0.00340014 -0.0361611
internal_weight=229.626 152.75 80.0931 72.6567 17.9659 54.6907
internal_count=13200 12482 7163 5319 1691 3628
is_linear=0
shrinkage=0.05


Tree=10
num_leaves=7
num_cat=1
split_feature=1 15 4 4 4 0
split_gain=24.8216 14.006 16.5554 8.9055 8.15805 8.02237
threshold=2.5000000000000004 0 8.5000000000000018 18.500000000000004 9.5000000000000018 3.5000000000000004
decision_type=2 9 2 2 2 2
left_child=1 3 -3 -1 -2 -6
right_child=4 2 -4 -5 5 -7
leaf_value=-0.0043276606106235722 -0.053910051250140527 0.042912992631971972 0.0067459573151976001 -0.078646414945904047 0.001913210404927317 -0.059383149908645433
leaf_weight=48.706538267928408 18.131660300627118 55.704687742574606 73.246749169986288 4.3945840399246654 24.083389205436109 6.8579606621642588
leaf_count=1548 7076 725 928 423 1315 1193
internal_value=0.00428131 0.0127885 0.0207596 -0.00881765 -0.0272787 -0.0116728
internal_weight=231.126 182.053 128.951 53.1011 49.073 30.9413
internal_count=13208 3624 1653 1971 9584 2508
cat_boundaries=0 1
cat_threshold=792
is_linear=0
shrinkage=0.05


Tree=11
num_leaves=7
num_cat=1
split_feature=1 15 0 13 6 12
split_gain=34.4584 10.4004 8.23693 8.07607 7.64029 9.97461
threshold=1.5000000000000002 0 3.5000000000000004 1.0000000180025095e-35 116.50000000000001 1.0000000180025095e-35
decision_type=2 9 2 2 2 2
left_child=4 2 -2 -3 5 -1
right_child=1 3 -4 -5 -6 -7
leaf_value=0.0015893447101550905 0.005806488608060309 -0.021536171264646953 -0.069542021760617842 -0.062126500819771106 0.062944102949112388 0.04181744157678139
leaf_weight=34.705221971962601 61.35099514212925 63.009611981484341 3.8549775322026099 15.213239291835633 12.045761418776236 27.714156546629965
leaf_count=462 830 5073 938 5603 65 204
internal_value=-0.00110915 -0.0154361 0.00117213 -0.0260945 0.0264863 0.0194506
internal_weight=217.894 143.429 65.206 78.2229 74.4651 62.4194
internal_count=13175 12444 1768 10676 731 666
cat_boundaries=0 1
cat_threshold=550
is_linear=0
shrinkage=0.05


Tree=12
num_leaves=7
num_cat=1
split_feature=1 15 12 6 1 7
split_gain=21.6261 8.48319 6.15195 6.38582 4.91575 5.24348
threshold=1.5000000000000002 0 1.0000000180025095e-35 116.50000000000001 2.5000000000000004 1.0000000180025095e-35
decision_type=2 9 2 2 2 2
left_child=2 -2 3 -1 -3 -6
right_child=1 4 -4 -5 5 -7
leaf_value=0.0021236509839356399 -0.030767800687102512 0.0027485262858021834 0.038844712072479387 0.064974266501960046 -0.072388004924051272 -0.012375189755336011
leaf_weight=35.526600985322148 30.754384411557112 85.973078799892392 31.336597479414195 4.5602181581780306 4.1679232129827133 28.722246686826111
leaf_count=454 8061 1542 235 28 548 2280
internal_value=-0.000388029 -0.0111937 0.0222477 0.00927345 -0.00326588 -0.0199802
internal_weight=221.041 149.618 71.4234 40.0868 118.863 32.8902
internal_count=13148 12431 717 482 4370 2828
cat_boundaries=0 1
cat_threshold=280
is_linear=0
shrinkage=0.05


Tree=13
num_leaves=7
num_cat=2
split_feature=1 15 15 6 4 1
split_gain=20.9939 14.1896 6.82177 7.32714 5.32042 4.90512
threshold=1.5000000000000002 0 1 116.50000000000001 14.500000000000002 2.5000000000000004
decision_type=2 9 9 2 2 2
left_child=2 -2 3 -1 -4 -3
right_child=1 5 4 -5 -6 -7
leaf_value=-0.021801900819865772 -0.033635211015966518 0.0065866098670895644 0.041694253220179625 0.049548394726343266 -0.0068988956152117621 -0.017124656900328598
leaf_weight=17.333002388011668 33.245161410864966 84.004511635386734 45.697664072082262 4.5408172383904448 6.4249254697933784 29.460459944544709
leaf_count=304 8331 1392 311 17 91 2702
internal_value=0.00136991 -0.00958186 0.0230836 -0.00479711 0.029957 0.000395292
internal_weight=220.707 146.71 73.9964 21.8738 52.1226 113.465
internal_count=13148 12425 723 321 402 4094
cat_boundaries=0 1 2
cat_threshold=1308 8
is_linear=0
shrinkage=0.05


Tree=14
num_leaves=7
num_cat=1
split_feature=1 15 0 5 12 6
split_gain=28.0015 11.346 10.7487 6.5453 6.36095 6.01261
threshold=1.5000000000000002 0 3.5000000000000004 283.50000000000006 1.0000000180025095e-35 70.500000000000014
decision_type=2 9 2 2 2 2
left_child=4 2 -2 -3 5 -1
right_child=1 3 -4 -5 -6 -7
leaf_value=0.0054864760537571295 0.010619074684424103 -0.021254648474340155 -0.068056759193589181 -0.081510198214320526 0.045540891839686806 0.051329990649538942
leaf_weight=32.384975130204111 67.720099361289613 66.011146712859045 4.6386069104410117 4.8371270196512333 30.986969090474304 9.1796786151826364
leaf_count=452 975 8970 1219 1230 232 40
internal_value=0.00308754 -0.00973334 0.00489853 -0.0222308 0.0283942 0.0156112
internal_weight=215.759 143.207 72.3587 70.8483 72.5516 41.5647
internal_count=13118 12394 2194 10200 724 492
cat_boundaries=0 1
cat_threshold=614
is_linear=0
shrinkage=0.05


Tree=15
num_leaves=7
num_cat=0
split_feature=1 1 4 4 5 12
split_gain=20.0826 7.31244 10.5063 7.39366 5.45271 5.14438
threshold=1.5000000000000002 2.5000000000000004 9.5000000000000018 11.500000000000002 322.50000000000006 1.0000000180025095e-35
decision_type=2 2 2 2 2 2
left_child=5 3 -3 4 -2 -1
right_child=1 2 -4 -5 -6 -7
leaf_value=0.010797368754705718 0.0046167708409499165 -0.059263783869605728 -0.0095564354281964282 -0.020645038293840963 0.07082081824240849 0.038158382189235854
leaf_weight=39.499675498809665 60.897098281879153 15.783692311815683 32.558770468749572 34.718968812732783 3.2775557003915301 30.402079804596724
leaf_count=471 1694 7031 2532 1192 20 231
internal_value=0.000628782 -0.0098485 -0.0257858 -0.00205784 0.00799797 0.0226974
internal_weight=217.138 147.236 48.3425 98.8936 64.1747 69.9018
internal_count=13171 12469 9563 2906 1714 702
is_linear=0
shrinkage=0.05


Tree=16
num_leaves=7
num_cat=1
split_feature=15 4 4 5 13 10
split_gain=19.6133 13.3551 6.38013 7.88995 8.67396 5.48562
threshold=0 6.5000000000000009 14.500000000000002 159.50000000000003 1.0000000180025095e-35 1.0000000180025095e-35
decision_type=9 2 2 2 2 2
left_child=5 -2 -3 -4 -5 -1
right_child=1 2 3 4 -6 -7
leaf_value=-0.022927525493608384 0.048043400328661653 0.010960093669318254 -0.071188696423812453 -0.045330797799904177 0.051173113708893526 0.009282841651228349
leaf_weight=89.95519184206205 22.320915056450758 69.154250917112222 5.7216873937722985 4.6101939831860346 4.7045756280422211 15.495168525783809
leaf_count=10845 381 1386 147 152 72 227
internal_value=-0.00218839 0.0124859 0.00454185 -0.0249763 0.00341007 -0.0166185
internal_weight=211.962 106.512 84.1907 15.0365 9.31477 105.45
internal_count=13210 2138 1757 371 224 11072
cat_boundaries=0 1
cat_threshold=345
is_linear=0
shrinkage=0.05


Tree=17
num_leaves=7
num_cat=0
split_feature=1 12 6 1 6 6
split_gain=14.7861 9.90194 8.7673 5.53963 5.8564 6.53472
threshold=2.5000000000000004 1.0000000180025095e-35 22.500000000000004 1.5000000000000002 47.500000000000007 116.50000000000001
decision_type=2 2 2 2 2 2
left_child=1 -1 -2 -3 -5 -6
right_child=2 3 -4 4 5 -7
leaf_value=-0.005018209333575478 -0.0037010561977064422 0.038853155879744007 -0.046215285517177886 -0.00064505813138184768 0.04487460948681965 -0.063724222756032164
leaf_weight=79.545383647346171 25.286962918471545 26.041302383877337 23.300442935025785 36.17732133064419 15.314396236208269 1.5229695426987735
leaf_count=2437 1023 232 8533 496 119 336
internal_value=4.35705e-05 0.00743658 -0.0240891 0.0199685 0.0106922 0.0350517
internal_weight=207.189 158.601 48.5874 79.056 53.0147 16.8374
internal_count=13176 3620 9556 1183 951 455
is_linear=0
shrinkage=0.05


Tree=18
num_leaves=7
num_cat=2
split_feature=15 0 10 10 15 4
split_gain=17.6362 7.62104 8.16455 6.61478 5.00045 5.80875
threshold=0 4.5000000000000009 1.0000000180025095e-35 1.0000000180025095e-35 1 15.500000000000002
decision_type=9 2 2 2 9 2
left_child=3 2 4 -1 5 -2
right_child=1 -3 -4 -5 -6 -7
leaf_value=-0.027273195567007438 -0.013820968648738736 -0.079742427312401942 0.042670839898806719 0.018622853731463992 0.01590209160301417 0.030680926522702004
leaf_weight=60.750602853404416 39.663995689192234 2.2467692947029709 19.817104944726452 9.0157044569496048 60.680765630404494 8.9957852135412377
leaf_count=9046 1964 669 147 205 814 289
internal_value=0.000145453 0.0107368 0.013142 -0.0186666 0.00779012 -0.00464025
internal_weight=201.171 131.404 129.158 69.7663 109.341 48.6598
internal_count=13134 3883 3214 9251 3067 2253
cat_boundaries=0 1 2
cat_threshold=792 1089
is_linear=0
shrinkage=0.05


Tree=19
num_leaves=7
num_cat=0
split_feature=10 4 0 4 6 4
split_gain=11.4623 7.58278 6.47965 8.59504 6.16687 5.56583
threshold=1.0000000180025095e-35 3.5000000000000004 2.5000000000000004 6.5000000000000009 204.50000000000003 7.5000000000000009
decision_type=2 2 2 2 2 2
left_child=1 -1 3 -3 -4 -2
right_child=5 2 4 -5 -6 -7
leaf_value=-0.077788951841418638 0.051736992469092247 0.034837560599390908 -0.0085816407365645244 -0.001312745513508179 -0.062096073745141638 0.0086675656633953112
leaf_weight=3.3728762161917976 14.764770332025366 21.255321562290192 76.486602503922768 72.613785404537339 5.7910820236756981 15.247883809963239
leaf_count=339 137 328 4185 1662 6333 219
internal_value=0.00125446 -0.00352717 -0.0021052 0.00687298 -0.0123482 0.0298556
internal_weight=209.532 179.52 176.147 93.8691 82.2777 30.0127
internal_count=13203 12847 12508 1990 10518 356
is_linear=0
shrinkage=0.05


Tree=20
num_leaves=7
num_cat=2
split_feature=1 15 15 4 6 4
split_gain=19.9543 10.2373 7.67791 6.90835 6.71702 8.8063
threshold=1.5000000000000002 0 1 7.5000000000000009 11.500000000000002 8.5000000000000018
decision_type=2 9 9 2 2 2
left_child=1 -1 4 -3 5 -2
right_child=2 3 -4 -5 -6 -7
leaf_value=-0.012469631978504384 -0.070479461088615511 0.062320566144362356 -0.0012739342150695455 0.022056706093874182 -0.042896285313745258 0.027265905683034802
leaf_weight=15.794644956244156 3.1516586267389348 17.90369091834873 87.13952972901825 26.306522781960666 34.050061087509675 8.5707681681960803
leaf_count=323 187 104 8154 287 3786 324
internal_value=-0.0010287 0.022904 -0.0118335 0.0312857 -0.0259816 0.000986362
internal_weight=192.917 60.0049 132.912 44.2102 45.7725 11.7224
internal_count=13165 714 12451 391 4297 511
cat_boundaries=0 1 2
cat_threshold=8 1564
is_linear=0
shrinkage=0.05


Tree=21
num_leaves=7
num_cat=0
split_feature=1 4 12 4 10 3
split_gain=15.7178 8.36146 6.25692 6.07672 5.20183 4.92103
threshold=2.5000000000000004 23.500000000000004 1.0000000180025095e-35 9.5000000000000018 1.0000000180025095e-35 4.5000000000000009
decision_type=2 2 2 2 2 2
left_child=1 2 5 -2 -4 -1
right_child=3 -3 4 -5 -6 -7
leaf_value=0.0042144710172153993 -0.048361095929007086 -0.081671120380418016 0.015328986193035347 -0.010835668432562773 0.052629001719282364 -0.041051387344838777
leaf_weight=62.85949583052934 16.332023025286617 2.4857207054737946 67.168176438030059 31.783765101230529 10.858151192776857 6.6382660493254653
leaf_count=1790 7023 246 1007 2511 143 454
internal_value=0.00129331 0.0092692 0.0108015 -0.023573 0.0205197 -0.000109219
internal_weight=198.126 150.01 147.524 48.1158 78.0263 69.4978
internal_count=13174 3640 3394 9534 1150 2244
is_linear=0
shrinkage=0.05


Tree=22
num_leaves=7
num_cat=2
split_feature=15 10 15 9 6 5
split_gain=13.1257 7.67945 5.56609 7.40585 5.14252 5.50748
threshold=0 1.0000000180025095e-35 1 1.0000000180025095e-35 103.50000000000001 283.50000000000006
decision_type=9 2 9 2 2 2
left_child=-1 2 3 4 5 -2
right_child=1 -3 -4 -5 -6 -7
leaf_value=-0.021584613736457314 0.0018966582905547277 0.034001600820528916 0.012418647607715983 -0.076690275507460937 -0.06654402672530195 -0.075969070474942543
leaf_weight=47.18487847038341 57.138614839641377 22.156837235670537 55.747909964249629 3.7666653848718843 3.1712343977924311 2.3649022653698912
leaf_count=8428 1366 210 1111 542 1336 177
internal_value=-0.00123022 0.00647044 0.0020077 -0.00747213 -0.00450442 -0.00119803
internal_weight=191.531 144.346 122.189 66.4414 62.6748 59.5035
internal_count=13170 4742 4532 3421 2879 1543
cat_boundaries=0 1 2
cat_threshold=280 1601
is_linear=0
shrinkage=0.05


Tree=23
num_leaves=7
num_cat=1
split_feature=1 15 4 1 4 1
split_gain=17.7122 9.72683 6.37753 5.98649 4.56387 5.7657
threshold=2.5000000000000004 0 20.500000000000004 1.5000000000000002 18.500000000000004 1.5000000000000002
decision_type=2 9 2 2 2 2
left_child=1 2 4 -3 5 -1
right_child=-2 3 -4 -5 -6 -7
leaf_value=0.0089953074268384805 -0.027342290346473896 0.037633351021422595 -0.076498818698194707 0.010390343199551276 0.046145576003623165 -0.023078876683723815
leaf_weight=26.765128609738895 44.805683201062493 31.322520695626736 3.1965922212693831 56.610613771686985 4.2156692743301383 29.404416911253065
leaf_count=429 9555 230 366 799 124 1669
internal_value=0.000275181 0.00844216 -0.00663019 0.0180427 -0.00402956 -0.00779533
internal_weight=196.321 151.515 63.5818 87.9331 60.3852 56.1695
internal_count=13172 3617 2588 1029 2222 2098
cat_boundaries=0 1
cat_threshold=281
is_linear=0
shrinkage=0.05


Tree=24
num_leaves=7
num_cat=0
split_feature=1 6 12 4 3 12
split_gain=15.5181 4.7932 4.33209 5.58781 3.8772 3.7367
threshold=1.5000000000000002 204.50000000000003 1.0000000180025095e-35 14.500000000000002 4.5000000000000009 1.0000000180025095e-35
decision_type=2 2 2 2 2 2
left_child=2 5 4 -4 -1 -2
right_child=1 -3 3 -5 -6 -7
leaf_value=0.016508890897009614 -0.015644943034969019 -0.050845069254662062 0.050690527993420414 -0.011431741749787304 -0.040152363668650555 0.00171076572403553
leaf_weight=27.516854141460502 62.39142506592907 6.5688180818469837 18.925614307634536 4.4759083297103635 3.3912459383718661 61.664777637692168
leaf_count=387 3800 6775 185 48 98 1843
internal_value=0.00011723 -0.00922188 0.0225796 0.0388087 0.010292 -0.00701792
internal_weight=184.935 130.625 54.3096 23.4015 30.9081 124.056
internal_count=13136 12418 718 233 485 5643
is_linear=0
shrinkage=0.05


Tree=25
num_leaves=7
num_cat=1
split_feature=15 1 3 1 3 5
split_gain=12.32 6.51529 5.96942 7.20759 3.46575 4.21115
threshold=0 1.5000000000000002 1.5000000000000002 1.5000000000000002 1.0000000180025095e-35 108.50000000000001
decision_type=9 2 2 2 2 2
left_child=2 -2 3 -1 5 -5
right_child=1 -3 -4 4 -6 -7
leaf_value=0.01354971387823441 0.028911058294180437 0.0034661390385723606 -0.064219209396194549 -0.01847851096332416 0.006563972643531344 -0.057341841626246559
leaf_weight=17.100321198959136 35.118682924192399 88.69726980071755 6.4285098877735427 18.449672380462292 6.7379337395541361 11.203046821057795
leaf_count=278 312 3910 3508 971 425 3769
internal_value=0.00110228 0.00988489 -0.0160217 -0.0132245 -0.025806 -0.0331614
internal_weight=183.735 123.816 59.9195 53.491 36.3907 29.6527
internal_count=13173 4222 8951 5443 5165 4740
cat_boundaries=0 1
cat_threshold=1368
is_linear=0
shrinkage=0.05


Tree=26
num_leaves=7
num_cat=1
split_feature=15 1 0 4 10 3
split_gain=13.552 7.63826 9.53892 4.69615 4.37627 4.24036
threshold=0 1.5000000000000002 3.5000000000000004 18.500000000000004 1.0000000180025095e-35 3.5000000000000004
decision_type=9 2 2 2 2 2
left_child=4 -2 3 -3 5 -1
right_child=1 2 -4 -5 -6 -7
leaf_value=-0.012906271940043993 0.037646423006997359 0.015073104025891097 -0.063306319399924135 -0.048543759056740278 0.012087494828247128 -0.048969627490691642
leaf_weight=70.737861302895908 28.195531283505261 55.784238951820953 4.5593448730069204 3.0600632643327108 15.348055970956919 9.2125252811238152
leaf_count=6772 221 911 1232 113 204 3717
internal_value=0.00153316 0.0144206 0.0063665 0.0117649 -0.0111927 -0.0170618
internal_weight=186.898 91.5992 63.4036 58.8443 95.2984 79.9504
internal_count=13170 2477 2256 1024 10693 10489
cat_boundaries=0 1
cat_threshold=1305
is_linear=0
shrinkage=0.05


Tree=27
num_leaves=7
num_cat=0
split_feature=1 4 3 7 7 5
split_gain=10.5552 6.63548 4.66343 3.66646 4.24791 8.63419
threshold=2.5000000000000004 22.500000000000004 10.500000000000002 1.0000000180025095e-35 4.5000000000000009 282.50000000000006
decision_type=2 2 2 2 2 2
left_child=1 2 -1 -2 -5 -6
right_child=3 -3 -4 4 5 -7
leaf_value=0.010485957410814109 -0.059946723108298232 -0.07399761425541905 -0.077393125089047388 0.0040896376612517158 -0.051610932755515572 0.019368248264153579
leaf_weight=133.28846771525423 5.210022095590829 2.4226860579801714 1.526938825380056 16.099425619002432 14.251917866760779 6.1261812990996978
leaf_count=2989 1243 291 344 456 7007 842
internal_value=0.0013236 0.00801679 0.00949063 -0.0207108 -0.0151069 -0.0302728
internal_weight=178.926 137.238 134.815 41.6875 36.4775 20.3781
internal_count=13172 3624 3333 9548 8305 7849
is_linear=0
shrinkage=0.05


Tree=28
num_leaves=7
num_cat=1
split_feature=1 0 4 6 15 4
split_gain=14.2298 7.21681 6.85663 5.97071 5.33708 4.4469
threshold=1.5000000000000002 3.5000000000000004 19.500000000000004 14.500000000000002 0 7.5000000000000009
decision_type=2 2 2 2 9 2
left_child=5 2 4 -3 -2 -1
right_child=1 3 -4 -5 -6 -7
leaf_value=0.037578370551172614 -0.017655467766807393 -0.007147347530287675 -0.056733665280126556 -0.063320084200545135 0.0056330120019126989 0.0088783842728232584
leaf_weight=23.87213581148535 24.252970798181195 8.758627889677884 5.8521486285608253 10.286234926614268 77.766481163833305 31.054626154305879
leaf_count=183 1855 251 748 7448 2138 531
internal_value=9.06728e-05 -0.00911074 -0.00410095 -0.0374866 -0.00108178 0.0213519
internal_weight=181.843 126.916 107.872 19.0449 102.019 54.9268
internal_count=13154 12440 4741 7699 3993 714
cat_boundaries=0 1
cat_threshold=1052
is_linear=0
shrinkage=0.05


Tree=29
num_leaves=7
num_cat=1
split_feature=1 15 0 4 12 6
split_gain=12.1856 6.97633 7.75521 5.50979 5.34174 5.58681
threshold=1.5000000000000002 0 3.5000000000000004 14.500000000000002 1.0000000180025095e-35 116.50000000000001
decision_type=2 9 2 2 2 2
left_child=3 -2 -3 4 5 -1
right_child=1 2 -4 -5 -6 -7
leaf_value=0.0020224468109422008 -0.016761062670568424 0.012184245108411589 -0.063023261380379822 -0.02332108896275871 0.047026274417141856 0.066065552244443895
leaf_weight=21.750776240136478 74.887801581706299 49.635632775296472 3.6820446444871768 6.234103954397141 18.927471166476607 4.037432186654768
leaf_count=345 6200 997 5237 157 193 24
internal_value=2.97833e-05 -0.00819069 0.00588648 0.0207151 0.0268544 0.0120491
internal_weight=179.155 128.205 53.3177 50.9498 44.7157 25.7882
internal_count=13153 12434 6234 719 562 369
cat_boundaries=0 1
cat_threshold=1561
is_linear=0
shrinkage=0.05


end of trees

feature_importances:
name_length=36
public_depth=35
kind=27
release_size=21
module_depth=12
has_sub_target=12
prior_breaks_in_module=11
in_dunder_all=8
package_rank=7
package_churn=5
is_dunder=3
has_export_path=2
is_top_level=1

parameters:
[boosting: gbdt]
[objective: lambdarank]
[metric: ndcg]
[tree_learner: serial]
[device_type: cpu]
[data_sample_strategy: bagging]
[data: ]
[valid: ]
[num_iterations: 30]
[learning_rate: 0.05]
[num_leaves: 7]
[num_threads: 10]
[seed: 0]
[deterministic: 0]
[force_col_wise: 0]
[force_row_wise: 0]
[histogram_pool_size: -1]
[max_depth: -1]
[min_data_in_leaf: 30]
[min_sum_hessian_in_leaf: 0.001]
[bagging_fraction: 0.9]
[pos_bagging_fraction: 1]
[neg_bagging_fraction: 1]
[bagging_freq: 1]
[bagging_seed: 7719]
[bagging_by_query: 0]
[feature_fraction: 0.9]
[feature_fraction_bynode: 1]
[feature_fraction_seed: 2437]
[extra_trees: 0]
[extra_seed: 11797]
[early_stopping_round: 0]
[early_stopping_min_delta: 0]
[first_metric_only: 0]
[max_delta_step: 0]
[lambda_l1: 0]
[lambda_l2: 0]
[linear_lambda: 0]
[min_gain_to_split: 0]
[drop_rate: 0.1]
[max_drop: 50]
[skip_drop: 0.5]
[xgboost_dart_mode: 0]
[uniform_drop: 0]
[drop_seed: 21238]
[top_rate: 0.2]
[other_rate: 0.1]
[min_data_per_group: 100]
[max_cat_threshold: 32]
[cat_l2: 10]
[cat_smooth: 10]
[max_cat_to_onehot: 4]
[top_k: 20]
[monotone_constraints: ]
[monotone_constraints_method: basic]
[monotone_penalty: 0]
[feature_contri: ]
[forcedsplits_filename: ]
[refit_decay_rate: 0.9]
[cegb_tradeoff: 1]
[cegb_penalty_split: 0]
[cegb_penalty_feature_lazy: ]
[cegb_penalty_feature_coupled: ]
[path_smooth: 0]
[interaction_constraints: ]
[verbosity: -1]
[saved_feature_importance_type: 0]
[use_quantized_grad: 0]
[num_grad_quant_bins: 4]
[quant_train_renew_leaf: 0]
[stochastic_rounding: 1]
[linear_tree: 0]
[max_bin: 255]
[max_bin_by_feature: ]
[min_data_in_bin: 3]
[bin_construct_sample_cnt: 200000]
[data_random_seed: 38]
[is_enable_sparse: 1]
[enable_bundle: 1]
[use_missing: 1]
[zero_as_missing: 0]
[feature_pre_filter: 1]
[pre_partition: 0]
[two_round: 0]
[header: 0]
[label_column: ]
[weight_column: ]
[group_column: ]
[ignore_column: ]
[categorical_feature: 15,16]
[forcedbins_filename: ]
[precise_float_parser: 0]
[parser_config_file: ]
[objective_seed: 8855]
[num_class: 1]
[is_unbalance: 0]
[scale_pos_weight: 1]
[sigmoid: 1]
[boost_from_average: 1]
[reg_sqrt: 0]
[alpha: 0.9]
[fair_c: 1]
[poisson_max_delta_step: 0.7]
[tweedie_variance_power: 1.5]
[lambdarank_truncation_level: 30]
[lambdarank_norm: 1]
[label_gain: 0,1]
[lambdarank_position_bias_regularization: 0]
[eval_at: 1,2,3,4,5]
[multi_error_top_k: 1]
[auc_mu_weights: ]
[num_machines: 1]
[local_listen_port: 12400]
[time_out: 120]
[machine_list_filename: ]
[machines: ]
[gpu_platform_id: -1]
[gpu_device_id: -1]
[gpu_device_id_list: ]
[gpu_use_dp: 0]
[num_gpu: 1]

end of parameters

pandas_categorical:[["ATTRIBUTE_CHANGED_VALUE", "CLASS_REMOVED_BASE", "OBJECT_CHANGED_KIND", "OBJECT_REMOVED", "PARAMETER_ADDED_REQUIRED", "PARAMETER_CHANGED_DEFAULT", "PARAMETER_CHANGED_KIND", "PARAMETER_CHANGED_REQUIRED", "PARAMETER_MOVED", "PARAMETER_REMOVED", "RETURN_CHANGED_TYPE"], ["major", "minor", "other", "patch"]]
